B1: (210, 214, 207)
B2: (208, 212, 189)
B3: (209, 211, 160)
B4: (196, 199, 113)
B5: (169, 179, 110)
B6: (121, 143, 94)
D1: (187, 187, 179)
D2: (189, 183, 165)
D3: (189, 164, 136)
D4: (182, 140, 94)
D5: (142, 87, 50)
D6: (101, 47, 31)
E1: (198, 200, 190)
E2: (204, 203, 183)
E3: (208, 196, 157)
E4: (198, 179, 120)
E5: (159, 141, 92)
E6: (130, 112, 78)
C1: (202, 201, 198)
C2: (204, 187, 181)
C3: (201, 155, 148)
C4: (181, 80, 72)
C5: (139, 37, 41)
C6: (96, 22, 26)
Black: (0, 0, 0)
White: (255, 255, 255)